Clusters populated to vertex count of: 76268
Clusters: [0=[20000000, 25330], 1=[20000000, 25574], 2=[20000000, 25364]]
Running test queries
[main] WARN org.janusgraph.graphdb.transaction.StandardJanusGraphTx - Query requires iterating over all vertices [()]. For better performance, use indexes
Vertex count: 76268, Max degree: 1251, Avg. degree: 23,28
Successfully added the log graph schema
Loading the log to graph
Edges added: 1256422
[main] WARN org.janusgraph.graphdb.transaction.StandardJanusGraphTx - Query requires iterating over all vertices [()]. For better performance, use indexes
Edges overall: 2403874
[main] WARN org.janusgraph.graphdb.transaction.StandardJanusGraphTx - Query requires iterating over all vertices [()]. For better performance, use indexes
[main] WARN org.janusgraph.graphdb.transaction.StandardJanusGraphTx - Query requires iterating over all vertices [()]. For better performance, use indexes
Staring Vaquero partitioning - cF=0,990, iF=1,000, nClusters=3, aProb=0,50
Clusters INIT Lower Bound: [0=-92, 1=151, 2=-58]
Cooling factor: 0,990
It.		Temp		tRatio		Impr.		pSwitch		Good		Cross		Sum		sCount		Time
1		2,000		1,00		0,000		1,00		510713		1023563		1534276		16839		20,25s
2		1,980		0,99		0,021		1,00		532236		1002040		1534276		26926		24,97s
3		1,960		0,98		0,040		0,99		551223		983053		1534276		33367		18,84s
4		1,941		0,97		0,058		0,99		569991		964285		1534276		37797		23,26s
5		1,921		0,96		0,077		0,98		589576		944700		1534276		40984		18,26s
6		1,902		0,95		0,098		0,98		610683		923593		1534276		43027		21,52s
7		1,883		0,94		0,112		0,97		625084		909192		1534276		44663		17,49s
8		1,864		0,93		0,127		0,97		640328		893948		1534276		45704		23,27s
9		1,845		0,92		0,138		0,96		651898		882378		1534276		46537		18,08s
10		1,827		0,91		0,151		0,96		665344		868932		1534276		47215		24,39s
11		1,809		0,90		0,167		0,95		681360		852916		1534276		47716		18,46s
12		1,791		0,90		0,171		0,95		685760		848516		1534276		48073		22,27s
13		1,773		0,89		0,179		0,94		694397		839879		1534276		48405		18,14s
14		1,755		0,88		0,188		0,94		703639		830637		1534276		48697		22,05s
15		1,737		0,87		0,198		0,93		713221		821055		1534276		48772		17,48s
16		1,720		0,86		0,204		0,93		719439		814837		1534276		48921		23,87s
17		1,703		0,85		0,208		0,93		723476		810800		1534276		49124		18,19s
18		1,686		0,84		0,215		0,92		731092		803184		1534276		49218		22,80s
19		1,669		0,83		0,219		0,92		734656		799620		1534276		49363		18,03s
20		1,652		0,83		0,224		0,91		740081		794195		1534276		49528		22,49s
21		1,636		0,82		0,236		0,91		752627		781649		1534276		49616		19,24s
22		1,619		0,81		0,236		0,90		752355		781921		1534276		49683		21,29s
23		1,603		0,80		0,236		0,90		752758		781518		1534276		49680		18,08s
24		1,587		0,79		0,245		0,90		761686		772590		1534276		49599		21,28s
25		1,571		0,79		0,254		0,89		770352		763924		1534276		49646		18,24s
26		1,556		0,78		0,268		0,89		784942		749334		1534276		49698		22,77s
27		1,540		0,77		0,273		0,89		790012		744264		1534276		49805		18,66s
28		1,525		0,76		0,273		0,88		790428		743848		1534276		49824		23,38s
29		1,509		0,75		0,273		0,88		789968		744308		1534276		49895		17,66s
30		1,494		0,75		0,272		0,87		789603		744673		1534276		50048		23,04s
31		1,479		0,74		0,277		0,87		793915		740361		1534276		50060		18,21s
32		1,465		0,73		0,284		0,87		800980		733296		1534276		50039		24,50s
33		1,450		0,72		0,289		0,86		806321		727955		1534276		50021		18,67s
34		1,435		0,72		0,292		0,86		809201		725075		1534276		50112		23,69s
35		1,421		0,71		0,305		0,86		823165		711111		1534276		50148		17,71s
36		1,407		0,70		0,309		0,85		827357		706919		1534276		50113		20,77s
37		1,393		0,70		0,320		0,85		838420		695856		1534276		49956		17,87s
38		1,379		0,69		0,342		0,84		860751		673525		1534276		49937		22,83s
39		1,365		0,68		0,345		0,84		863853		670423		1534276		50019		18,67s
40		1,351		0,68		0,344		0,84		862922		671354		1534276		50065		23,35s
41		1,338		0,67		0,340		0,83		858743		675533		1534276		49987		18,06s
42		1,325		0,66		0,351		0,83		869889		664387		1534276		50014		22,09s
43		1,311		0,66		0,360		0,83		878952		655324		1534276		49978		18,23s
44		1,298		0,65		0,365		0,82		884136		650140		1534276		49953		25,15s
45		1,285		0,64		0,357		0,82		876438		657838		1534276		49893		18,97s
46		1,272		0,64		0,357		0,82		875803		658473		1534276		49927		23,42s
47		1,260		0,63		0,377		0,81		897085		637191		1534276		49959		18,46s
48		1,247		0,62		0,387		0,81		906943		627333		1534276		49993		23,29s
49		1,235		0,62		0,398		0,81		918259		616017		1534276		49960		19,10s
50		1,222		0,61		0,407		0,81		926880		607396		1534276		49951		22,55s
51		1,210		0,61		0,418		0,80		938315		595961		1534276		49951		18,12s
52		1,198		0,60		0,426		0,80		946539		587737		1534276		49997		22,29s
53		1,186		0,59		0,438		0,80		959444		574832		1534276		49956		19,37s
54		1,174		0,59		0,445		0,79		966637		567639		1534276		49933		23,27s
55		1,162		0,58		0,458		0,79		979575		554701		1534276		49958		17,55s
56		1,151		0,58		0,470		0,79		992209		542067		1534276		49947		22,60s
57		1,139		0,57		0,479		0,78		1000502		533774		1534276		49872		19,47s
58		1,128		0,56		0,492		0,78		1013936		520340		1534276		49979		24,00s
59		1,117		0,56		0,507		0,78		1029386		504890		1534276		49937		18,29s
60		1,105		0,55		0,505		0,78		1027497		506779		1534276		49958		25,20s
61		1,094		0,55		0,511		0,77		1033744		500532		1534276		49993		19,25s
62		1,083		0,54		0,522		0,77		1045190		489086		1534276		49945		24,05s
63		1,073		0,54		0,532		0,77		1054856		479420		1534276		49962		19,66s
64		1,062		0,53		0,539		0,77		1062052		472224		1534276		49955		24,35s
65		1,051		0,53		0,550		0,76		1073699		460577		1534276		49907		18,85s
66		1,041		0,52		0,555		0,76		1078392		455884		1534276		49943		23,37s
67		1,030		0,52		0,568		0,76		1092210		442066		1534276		49937		18,24s
68		1,020		0,51		0,575		0,75		1098807		435469		1534276		49932		22,49s
69		1,010		0,50		0,587		0,75		1111746		422530		1534276		49916		19,95s
70		1,000		0,50		0,592		0,75		1117041		417235		1534276		49902		25,46s
71		0,990		0,49		0,603		0,75		1127418		406858		1534276		49901		18,98s
72		0,980		0,49		0,610		0,74		1134867		399409		1534276		49898		23,84s
73		0,970		0,48		0,621		0,74		1146216		388060		1534276		49910		18,24s
74		0,960		0,48		0,625		0,74		1150643		383633		1534276		49935		23,67s
75		0,951		0,48		0,628		0,74		1153572		380704		1534276		49934		17,73s
76		0,941		0,47		0,631		0,74		1156823		377453		1534276		49926		23,45s
77		0,932		0,47		0,634		0,73		1159402		374874		1534276		49918		17,79s
78		0,922		0,46		0,638		0,73		1163488		370788		1534276		49920		24,44s
79		0,913		0,46		0,638		0,73		1164125		370151		1534276		49934		19,31s
80		0,904		0,45		0,641		0,73		1167281		366995		1534276		49926		21,00s
81		0,895		0,45		0,643		0,72		1168670		365606		1534276		49922		18,40s
82		0,886		0,44		0,643		0,72		1168898		365378		1534276		49916		22,30s
83		0,877		0,44		0,643		0,72		1169274		365002		1534276		49913		19,77s
84		0,868		0,43		0,644		0,72		1169683		364593		1534276		49914		24,02s
85		0,860		0,43		0,644		0,71		1170089		364187		1534276		49919		18,38s
86		0,851		0,43		0,645		0,71		1170716		363560		1534276		49921		23,01s
87		0,843		0,42		0,646		0,71		1171447		362829		1534276		49917		20,16s
88		0,834		0,42		0,646		0,71		1171903		362373		1534276		49912		24,47s
89		0,826		0,41		0,647		0,71		1172818		361458		1534276		49910		18,74s
90		0,818		0,41		0,647		0,70		1173252		361024		1534276		49909		23,04s
91		0,809		0,40		0,648		0,70		1173703		360573		1534276		49915		19,01s
92		0,801		0,40		0,648		0,70		1173960		360316		1534276		49914		23,06s
93		0,793		0,40		0,648		0,70		1174446		359830		1534276		49917		18,15s
94		0,785		0,39		0,648		0,70		1174485		359791		1534276		49914		22,64s
95		0,778		0,39		0,649		0,69		1174635		359641		1534276		49918		18,34s
96		0,770		0,38		0,649		0,69		1175340		358936		1534276		49920		22,73s
97		0,762		0,38		0,649		0,69		1175423		358853		1534276		49919		17,66s
98		0,754		0,38		0,650		0,69		1175575		358701		1534276		49923		22,49s
99		0,747		0,37		0,650		0,69		1175804		358472		1534276		49922		18,19s
100		0,739		0,37		0,650		0,68		1175979		358297		1534276		49921		23,14s
101		0,732		0,37		0,650		0,68		1176026		358250		1534276		49919		17,44s
102		0,725		0,36		0,650		0,68		1176516		357760		1534276		49922		21,23s
103		0,717		0,36		0,651		0,68		1176549		357727		1534276		49922		18,02s
104		0,710		0,36		0,651		0,68		1176800		357476		1534276		49924		21,90s
105		0,703		0,35		0,652		0,68		1177686		356590		1534276		49925		19,37s
106		0,696		0,35		0,652		0,67		1177836		356440		1534276		49926		21,58s
107		0,689		0,34		0,652		0,67		1178125		356151		1534276		49926		18,99s
108		0,682		0,34		0,652		0,67		1178223		356053		1534276		49927		22,53s
109		0,676		0,34		0,652		0,67		1178269		356007		1534276		49925		19,06s
110		0,669		0,33		0,652		0,67		1178470		355806		1534276		49925		23,13s
111		0,662		0,33		0,653		0,67		1178634		355642		1534276		49924		18,38s
112		0,655		0,33		0,653		0,66		1178825		355451		1534276		49925		21,55s
113		0,649		0,32		0,653		0,66		1179084		355192		1534276		49923		17,93s
114		0,642		0,32		0,653		0,66		1179221		355055		1534276		49926		21,31s
115		0,636		0,32		0,653		0,66		1179229		355047		1534276		49922		19,12s
116		0,630		0,31		0,653		0,66		1179419		354857		1534276		49923		22,17s
117		0,623		0,31		0,653		0,66		1179448		354828		1534276		49926		17,94s
118		0,617		0,31		0,653		0,65		1179465		354811		1534276		49926		22,52s
119		0,611		0,31		0,654		0,65		1179722		354554		1534276		49926		18,22s
120		0,605		0,30		0,654		0,65		1180411		353865		1534276		49925		23,19s
121		0,599		0,30		0,654		0,65		1180476		353800		1534276		49929		17,61s
122		0,593		0,30		0,655		0,65		1180666		353610		1534276		49928		23,44s
123		0,587		0,29		0,655		0,65		1180720		353556		1534276		49925		18,43s
124		0,581		0,29		0,655		0,65		1181329		352947		1534276		49925		22,14s
125		0,575		0,29		0,655		0,64		1181626		352650		1534276		49928		17,99s
126		0,569		0,28		0,656		0,64		1181788		352488		1534276		49929		22,61s
127		0,564		0,28		0,656		0,64		1182080		352196		1534276		49928		18,39s
128		0,558		0,28		0,656		0,64		1182346		351930		1534276		49931		22,08s
129		0,553		0,28		0,656		0,64		1182628		351648		1534276		49932		18,44s
130		0,547		0,27		0,657		0,64		1182757		351519		1534276		49928		21,54s
131		0,542		0,27		0,657		0,64		1182848		351428		1534276		49924		18,63s
132		0,536		0,27		0,657		0,63		1182915		351361		1534276		49923		24,27s
133		0,531		0,27		0,657		0,63		1182926		351350		1534276		49920		18,11s
134		0,525		0,26		0,657		0,63		1182972		351304		1534276		49918		21,05s
135		0,520		0,26		0,657		0,63		1183090		351186		1534276		49918		18,19s
136		0,515		0,26		0,657		0,63		1183131		351145		1534276		49919		22,18s
137		0,510		0,25		0,657		0,63		1183183		351093		1534276		49919		18,09s
138		0,505		0,25		0,657		0,63		1183260		351016		1534276		49920		22,61s
139		0,500		0,25		0,657		0,62		1183284		350992		1534276		49917		17,84s
140		0,495		0,25		0,657		0,62		1183456		350820		1534276		49918		23,65s
141		0,490		0,24		0,658		0,62		1183842		350434		1534276		49915		17,59s
142		0,485		0,24		0,658		0,62		1184102		350174		1534276		49915		21,53s
143		0,480		0,24		0,658		0,62		1184117		350159		1534276		49921		17,70s
144		0,475		0,24		0,658		0,62		1184467		349809		1534276		49922		22,71s
145		0,470		0,24		0,659		0,62		1184857		349419		1534276		49919		17,61s
146		0,466		0,23		0,659		0,62		1184953		349323		1534276		49916		20,98s
147		0,461		0,23		0,659		0,62		1185064		349212		1534276		49916		18,00s
148		0,456		0,23		0,659		0,61		1185350		348926		1534276		49911		23,04s
149		0,452		0,23		0,659		0,61		1185479		348797		1534276		49908		17,70s
150		0,447		0,22		0,659		0,61		1185499		348777		1534276		49907		21,13s
151		0,443		0,22		0,659		0,61		1185506		348770		1534276		49907		17,79s
152		0,438		0,22		0,659		0,61		1185666		348610		1534276		49909		23,35s
153		0,434		0,22		0,659		0,61		1185729		348547		1534276		49909		17,61s
154		0,430		0,21		0,660		0,61		1185793		348483		1534276		49912		21,26s
155		0,425		0,21		0,660		0,61		1185999		348277		1534276		49911		18,00s
156		0,421		0,21		0,660		0,61		1186059		348217		1534276		49914		20,93s
157		0,417		0,21		0,660		0,60		1186299		347977		1534276		49912		18,92s
158		0,413		0,21		0,660		0,60		1186516		347760		1534276		49912		20,98s
159		0,409		0,20		0,661		0,60		1187019		347257		1534276		49910		18,34s
160		0,405		0,20		0,661		0,60		1187071		347205		1534276		49910		23,05s
161		0,401		0,20		0,661		0,60		1187114		347162		1534276		49912		17,54s
162		0,397		0,20		0,661		0,60		1187203		347073		1534276		49913		21,56s
163		0,393		0,20		0,661		0,60		1187205		347071		1534276		49914		17,73s
164		0,389		0,19		0,661		0,60		1187206		347070		1534276		49916		23,81s
165		0,385		0,19		0,661		0,60		1187442		346834		1534276		49915		18,24s
166		0,381		0,19		0,661		0,60		1187483		346793		1534276		49915		22,20s
167		0,377		0,19		0,661		0,59		1187503		346773		1534276		49915		18,24s
168		0,373		0,19		0,661		0,59		1187681		346595		1534276		49917		23,80s
169		0,370		0,18		0,661		0,59		1187683		346593		1534276		49918		18,29s
170		0,366		0,18		0,662		0,59		1187899		346377		1534276		49918		21,27s
171		0,362		0,18		0,662		0,59		1187900		346376		1534276		49919		19,03s
172		0,359		0,18		0,662		0,59		1187919		346357		1534276		49921		21,64s
173		0,355		0,18		0,662		0,59		1188127		346149		1534276		49920		19,10s
174		0,351		0,18		0,662		0,59		1188226		346050		1534276		49922		22,83s
175		0,348		0,17		0,662		0,59		1188277		345999		1534276		49920		18,02s
176		0,344		0,17		0,662		0,59		1188324		345952		1534276		49920		22,83s
177		0,341		0,17		0,662		0,59		1188325		345951		1534276		49921		18,47s
178		0,338		0,17		0,662		0,58		1188327		345949		1534276		49922		21,44s
179		0,334		0,17		0,662		0,58		1188347		345929		1534276		49920		18,29s
180		0,331		0,17		0,662		0,58		1188413		345863		1534276		49918		23,31s
181		0,328		0,16		0,662		0,58		1188522		345754		1534276		49918		18,28s
182		0,324		0,16		0,662		0,58		1188570		345706		1534276		49918		24,05s
183		0,321		0,16		0,663		0,58		1188869		345407		1534276		49920		18,32s
184		0,318		0,16		0,663		0,58		1189357		344919		1534276		49927		22,02s
185		0,315		0,16		0,663		0,58		1189502		344774		1534276		49927		19,28s
186		0,312		0,16		0,663		0,58		1189719		344557		1534276		49926		21,39s
187		0,308		0,15		0,664		0,58		1190048		344228		1534276		49924		18,84s
188		0,305		0,15		0,664		0,58		1190097		344179		1534276		49928		23,39s
189		0,302		0,15		0,664		0,58		1190160		344116		1534276		49928		18,43s
190		0,299		0,15		0,664		0,57		1190654		343622		1534276		49924		24,16s
191		0,296		0,15		0,664		0,57		1190813		343463		1534276		49924		18,35s
192		0,293		0,15		0,664		0,57		1190813		343463		1534276		49926		23,58s
193		0,290		0,15		0,664		0,57		1190811		343465		1534276		49924		17,93s
194		0,287		0,14		0,665		0,57		1191073		343203		1534276		49924		22,52s
195		0,285		0,14		0,665		0,57		1191082		343194		1534276		49924		18,73s
196		0,282		0,14		0,665		0,57		1191083		343193		1534276		49924		23,41s
197		0,279		0,14		0,665		0,57		1191339		342937		1534276		49922		18,24s
198		0,276		0,14		0,665		0,57		1191770		342506		1534276		49923		23,72s
199		0,273		0,14		0,665		0,57		1191815		342461		1534276		49922		17,70s
200		0,271		0,14		0,665		0,57		1191836		342440		1534276		49923		22,87s
Terminated Vaquero algorithm at iteration: 200, Runtime: 4124,86
[ForkJoinPool.commonPool-worker-1] WARN org.janusgraph.graphdb.olap.computer.FulgoraGraphComputer - Property key [gremlin.VaqueroVertexProgram.label] is not part of the schema and will be created. It is advised to initialize all keys.
Clusters capacity/usage: [0=[20000000, 25422], 1=[20000000, 25424], 2=[20000000, 25422]]
Clusters Lower Bound: [0=0, 1=1, 2=0]
Clusters added together count: 76268
[main] WARN org.janusgraph.graphdb.transaction.StandardJanusGraphTx - Query requires iterating over all vertices [()]. For better performance, use indexes
Vertex count: 76268
Number of all to be expanded nodes: 13366
Before/After Cross Node Queries: 1023563 / 342435, Improvement: 66,54%
Good before/after Queries:  510713 / 1191841

R2 Before/After Cross Node Queries: 1023563 / 306518, Improvement: 70,05% It:200
R3 Before/After Cross Node Queries: 708476 / 165944, Improvement: 76.58% It:200
R4
