Clusters populated to vertex count of: 76268
Clusters: [0=[20000000, 25330], 1=[20000000, 25574], 2=[20000000, 25364]]
Running test queries
[main] WARN org.janusgraph.graphdb.transaction.StandardJanusGraphTx - Query requires iterating over all vertices [()]. For better performance, use indexes
Vertex count: 76268, Max degree: 1251, Avg. degree: 23,28
Successfully added the log graph schema
Loading the log to graph
Edges added: 1256422
[main] WARN org.janusgraph.graphdb.transaction.StandardJanusGraphTx - Query requires iterating over all vertices [()]. For better performance, use indexes
Edges overall: 2403874
[main] WARN org.janusgraph.graphdb.transaction.StandardJanusGraphTx - Query requires iterating over all vertices [()]. For better performance, use indexes
[main] WARN org.janusgraph.graphdb.transaction.StandardJanusGraphTx - Query requires iterating over all vertices [()]. For better performance, use indexes
Staring Vaquero partitioning - cF=0,990, iF=0,980, nClusters=3, aProb=0,50
Clusters INIT Lower Bound: [0=415, 1=659, 2=449]
Cooling factor: 0,990
It.		Temp		tRatio		Impr.		pSwitch		Good		Cross		Sum		sCount		Time
1		2,000		1,00		0,000		1,00		510713		1023563		1534276		47115		20,18s
2		1,980		0,99		0,035		1,00		546467		987809		1534276		46133		21,49s
3		1,960		0,98		0,094		0,99		607280		926996		1534276		49379		17,99s
4		1,941		0,97		0,156		0,99		670749		863527		1534276		49123		21,83s
5		1,921		0,96		0,183		0,98		698408		835868		1534276		49665		17,61s
6		1,902		0,95		0,191		0,98		706392		827884		1534276		49554		21,71s
7		1,883		0,94		0,190		0,97		704985		829291		1534276		49887		17,78s
8		1,864		0,93		0,197		0,97		712002		822274		1534276		49872		21,41s
9		1,845		0,92		0,215		0,96		730421		803855		1534276		49967		17,72s
10		1,827		0,91		0,222		0,96		738310		795966		1534276		49876		23,07s
11		1,809		0,90		0,226		0,95		742243		792033		1534276		50092		18,53s
12		1,791		0,90		0,234		0,95		750736		783540		1534276		50078		21,84s
13		1,773		0,89		0,238		0,94		753980		780296		1534276		50075		17,64s
14		1,755		0,88		0,226		0,94		742437		791839		1534276		50035		21,77s
15		1,737		0,87		0,227		0,93		742861		791415		1534276		50450		17,53s
16		1,720		0,86		0,237		0,93		753049		781227		1534276		50093		22,53s
17		1,703		0,85		0,250		0,93		766637		767639		1534276		50283		18,66s
18		1,686		0,84		0,263		0,92		779620		754656		1534276		50014		21,16s
19		1,669		0,83		0,269		0,92		786325		747951		1534276		50218		17,59s
20		1,652		0,83		0,256		0,91		772918		761358		1534276		50129		21,29s
21		1,636		0,82		0,268		0,91		785495		748781		1534276		50295		18,01s
22		1,619		0,81		0,265		0,90		782245		752031		1534276		50164		21,83s
23		1,603		0,80		0,273		0,90		790006		744270		1534276		50124		17,86s
24		1,587		0,79		0,268		0,90		784536		749740		1534276		50180		22,91s
25		1,571		0,79		0,284		0,89		800964		733312		1534276		50096		18,20s
26		1,556		0,78		0,294		0,89		811155		723121		1534276		50121		22,63s
27		1,540		0,77		0,308		0,89		825469		708807		1534276		50169		17,97s
28		1,525		0,76		0,305		0,88		823331		710945		1534276		50126		22,68s
29		1,509		0,75		0,288		0,88		805408		728868		1534276		50009		18,21s
30		1,494		0,75		0,308		0,87		825875		708401		1534276		50082		22,66s
31		1,479		0,74		0,340		0,87		858727		675549		1534276		50248		18,85s
32		1,465		0,73		0,330		0,87		847981		686295		1534276		50282		21,56s
33		1,450		0,72		0,329		0,86		847428		686848		1534276		50252		17,59s
34		1,435		0,72		0,321		0,86		839280		694996		1534276		50148		21,39s
35		1,421		0,71		0,349		0,86		867986		666290		1534276		50242		17,50s
36		1,407		0,70		0,353		0,85		871519		662757		1534276		50209		22,52s
37		1,393		0,70		0,351		0,85		869779		664497		1534276		50220		18,27s
38		1,379		0,69		0,365		0,84		884645		649631		1534276		50211		21,04s
39		1,365		0,68		0,376		0,84		895373		638903		1534276		50207		17,50s
40		1,351		0,68		0,376		0,84		896073		638203		1534276		50256		22,23s
41		1,338		0,67		0,398		0,83		917635		616641		1534276		50287		17,89s
42		1,325		0,66		0,410		0,83		930152		604124		1534276		50170		22,14s
43		1,311		0,66		0,420		0,83		940169		594107		1534276		50192		18,65s
44		1,298		0,65		0,429		0,82		949673		584603		1534276		50297		22,97s
45		1,285		0,64		0,454		0,82		975811		558465		1534276		50226		18,92s
46		1,272		0,64		0,463		0,82		985056		549220		1534276		50124		22,62s
47		1,260		0,63		0,471		0,81		992874		541402		1534276		50174		19,19s
48		1,247		0,62		0,478		0,81		1000419		533857		1534276		50180		23,01s
49		1,235		0,62		0,491		0,81		1013690		520586		1534276		50206		18,07s
50		1,222		0,61		0,513		0,81		1035791		498485		1534276		50183		23,41s
51		1,210		0,61		0,500		0,80		1022836		511440		1534276		50184		18,42s
52		1,198		0,60		0,515		0,80		1038236		496040		1534276		50205		21,50s
53		1,186		0,59		0,528		0,80		1051321		482955		1534276		50252		17,94s
54		1,174		0,59		0,539		0,79		1062204		472072		1534276		50243		22,49s
55		1,162		0,58		0,538		0,79		1060895		473381		1534276		50305		18,05s
56		1,151		0,58		0,556		0,79		1079969		454307		1534276		50283		21,98s
57		1,139		0,57		0,561		0,78		1085136		449140		1534276		50255		17,68s
58		1,128		0,56		0,582		0,78		1106456		427820		1534276		50265		21,88s
59		1,117		0,56		0,590		0,78		1114544		419732		1534276		50250		17,59s
60		1,105		0,55		0,611		0,78		1136257		398019		1534276		50207		22,58s
61		1,094		0,55		0,621		0,77		1146740		387536		1534276		50221		17,93s
62		1,083		0,54		0,625		0,77		1150483		383793		1534276		50282		23,48s
63		1,073		0,54		0,649		0,77		1175026		359250		1534276		50251		18,20s
64		1,062		0,53		0,661		0,77		1187119		347157		1534276		50276		21,36s
65		1,051		0,53		0,650		0,76		1176014		358262		1534276		50279		17,63s
66		1,041		0,52		0,665		0,76		1191081		343195		1534276		50220		21,69s
67		1,030		0,52		0,680		0,76		1207118		327158		1534276		50252		17,57s
68		1,020		0,51		0,705		0,75		1232186		302090		1534276		50211		22,47s
69		1,010		0,50		0,714		0,75		1241121		293155		1534276		50218		18,23s
70		1,000		0,50		0,722		0,75		1249844		284432		1534276		50188		21,44s
71		0,990		0,49		0,730		0,75		1257738		276538		1534276		50194		17,68s
72		0,980		0,49		0,733		0,74		1261146		273130		1534276		50192		22,41s
73		0,970		0,48		0,734		0,74		1262372		271904		1534276		50189		18,41s
74		0,960		0,48		0,735		0,74		1262693		271583		1534276		50191		22,42s
75		0,951		0,48		0,735		0,74		1262711		271565		1534276		50191		17,98s
76		0,941		0,47		0,735		0,74		1262711		271565		1534276		50191		22,98s
Terminated Vaquero algorithm at iteration: 76, Runtime: 1535,04
[ForkJoinPool.commonPool-worker-1] WARN org.janusgraph.graphdb.olap.computer.FulgoraGraphComputer - Property key [gremlin.VaqueroVertexProgram.label] is not part of the schema and will be created. It is advised to initialize all keys.
Clusters capacity/usage: [0=[20000000, 24915], 1=[20000000, 26438], 2=[20000000, 24915]]
Clusters Lower Bound: [0=0, 1=1523, 2=0]
Clusters added together count: 76268
[main] WARN org.janusgraph.graphdb.transaction.StandardJanusGraphTx - Query requires iterating over all vertices [()]. For better performance, use indexes
Vertex count: 76268
Number of all to be expanded nodes: 13366
Before/After Cross Node Queries: 1023563 / 271565, Improvement: 73,47%
Good before/after Queries:  510713 / 1262711

R2 Before/After Cross Node Queries: 1023563 / 261296, Improvement: 74,47% It:75
R3 Before/After Cross Node Queries: 708476 / 183097, Improvement: 74.16% It:75 [0=[20000000, 24915], 1=[20000000, 26438], 2=[20000000, 24915]]
R4 Before/After Cross Node Queries: 708476 / 152301, Improvement: 78.50% It:78 [0=[20000000, 24946], 1=[20000000, 26407], 2=[20000000, 24915]]
R5 Before/After Cross Node Queries: 708476 / 161191, Improvement: 77.25% It:83 [0=[20000000, 24999], 1=[20000000, 24915], 2=[20000000, 26354]]
R6 Before/After Cross Node Queries: 708476 / 181144, Improvement: 74.43% It:79 [0=[20000000, 25816], 1=[20000000, 24915], 2=[20000000, 25537]]
R7 Before/After Cross Node Queries: 708476 / 175178, Improvement: 75.27% It:76 [0=[20000000, 25623], 1=[20000000, 24915], 2=[20000000, 25730]]
R8 Before/After Cross Node Queries: 708476 / 174214, Improvement: 75.41% It:81 [0=[20000000, 26160], 1=[20000000, 24915], 2=[20000000, 25193]]
R9 Before/After Cross Node Queries: 708476 / 191562, Improvement: 72.96% It:74 [0=[20000000, 25660], 1=[20000000, 24915], 2=[20000000, 25693]]
R10 Before/After Cross Node Queries: 708476 / 195765, Improvement: 72.37% It:79