Clusters populated to vertex count of: 76268
Clusters: [0=[20000000, 25330], 1=[20000000, 25574], 2=[20000000, 25364]]
Running test queries
[main] WARN org.janusgraph.graphdb.transaction.StandardJanusGraphTx - Query requires iterating over all vertices [()]. For better performance, use indexes
Vertex count: 76268, Max degree: 1251, Avg. degree: 23,28
Successfully added the log graph schema
Loading the log to graph
Edges added: 1256422
[main] WARN org.janusgraph.graphdb.transaction.StandardJanusGraphTx - Query requires iterating over all vertices [()]. For better performance, use indexes
Edges overall: 2403874
[main] WARN org.janusgraph.graphdb.transaction.StandardJanusGraphTx - Query requires iterating over all vertices [()]. For better performance, use indexes
[main] WARN org.janusgraph.graphdb.transaction.StandardJanusGraphTx - Query requires iterating over all vertices [()]. For better performance, use indexes
Staring Vaquero partitioning - cF=0,990, iF=0,960, nClusters=3, aProb=0,50
Clusters INIT Lower Bound: [0=924, 1=1168, 2=958]
Cooling factor: 0,990
It.		Temp		tRatio		Impr.		pSwitch		Good		Cross		Sum		sCount		Time
1		2,000		1,00		0,000		1,00		510713		1023563		1534276		47469		18,30s
2		1,980		0,99		0,036		1,00		547806		986470		1534276		46069		16,65s
3		1,960		0,98		0,091		0,99		604368		929908		1534276		49151		24,22s
4		1,941		0,97		0,144		0,99		658372		875904		1534276		49114		16,61s
5		1,921		0,96		0,186		0,98		701302		832974		1534276		49595		20,07s
6		1,902		0,95		0,209		0,98		724334		809942		1534276		49495		17,44s
7		1,883		0,94		0,230		0,97		746456		787820		1534276		49759		21,48s
8		1,864		0,93		0,242		0,97		758829		775447		1534276		49695		17,94s
9		1,845		0,92		0,263		0,96		779993		754283		1534276		50033		20,83s
10		1,827		0,91		0,274		0,96		791431		742845		1534276		50043		17,01s
11		1,809		0,90		0,270		0,95		787563		746713		1534276		49923		22,20s
12		1,791		0,90		0,285		0,95		802662		731614		1534276		49973		16,88s
13		1,773		0,89		0,289		0,94		806684		727592		1534276		50090		22,06s
14		1,755		0,88		0,284		0,94		801207		733069		1534276		50088		17,41s
15		1,737		0,87		0,306		0,93		824216		710060		1534276		50066		22,44s
16		1,720		0,86		0,300		0,93		817619		716657		1534276		50137		16,91s
17		1,703		0,85		0,304		0,93		821424		712852		1534276		50213		22,25s
18		1,686		0,84		0,320		0,92		838255		696021		1534276		50211		18,28s
19		1,669		0,83		0,319		0,92		837082		697194		1534276		50158		22,26s
20		1,652		0,83		0,335		0,91		853237		681039		1534276		50323		17,57s
21		1,636		0,82		0,337		0,91		855819		678457		1534276		50252		22,01s
22		1,619		0,81		0,324		0,90		842195		692081		1534276		50089		17,27s
23		1,603		0,80		0,321		0,90		839501		694775		1534276		50193		20,11s
24		1,587		0,79		0,322		0,90		840433		693843		1534276		50318		17,88s
25		1,571		0,79		0,336		0,89		854929		679347		1534276		50407		20,94s
26		1,556		0,78		0,337		0,89		855819		678457		1534276		50247		17,42s
27		1,540		0,77		0,344		0,89		863288		670988		1534276		50176		22,36s
28		1,525		0,76		0,352		0,88		871007		663269		1534276		50267		17,36s
29		1,509		0,75		0,370		0,88		889738		644538		1534276		50357		23,10s
30		1,494		0,75		0,361		0,87		879925		654351		1534276		50491		17,65s
31		1,479		0,74		0,387		0,87		906345		627931		1534276		50494		22,48s
32		1,465		0,73		0,368		0,87		887156		647120		1534276		50371		17,07s
33		1,450		0,72		0,363		0,86		882077		652199		1534276		50317		22,41s
34		1,435		0,72		0,384		0,86		903378		630898		1534276		50261		17,18s
35		1,421		0,71		0,404		0,86		924560		609716		1534276		50386		23,10s
36		1,407		0,70		0,424		0,85		944467		589809		1534276		50347		17,44s
37		1,393		0,70		0,421		0,85		941415		592861		1534276		50379		22,36s
38		1,379		0,69		0,428		0,84		948968		585308		1534276		50493		17,21s
39		1,365		0,68		0,434		0,84		955041		579235		1534276		50461		22,68s
40		1,351		0,68		0,435		0,84		956153		578123		1534276		50488		17,10s
41		1,338		0,67		0,433		0,83		953732		580544		1534276		50325		20,61s
42		1,325		0,66		0,441		0,83		962069		572207		1534276		50427		17,30s
43		1,311		0,66		0,450		0,83		971781		562495		1534276		50497		22,26s
44		1,298		0,65		0,494		0,82		1015912		518364		1534276		50383		17,03s
45		1,285		0,64		0,461		0,82		982976		551300		1534276		50614		21,00s
46		1,272		0,64		0,477		0,82		998516		535760		1534276		50599		17,09s
47		1,260		0,63		0,482		0,81		1004239		530037		1534276		50432		21,30s
48		1,247		0,62		0,494		0,81		1016484		517792		1534276		50496		17,82s
49		1,235		0,62		0,508		0,81		1031032		503244		1534276		50517		20,43s
50		1,222		0,61		0,512		0,81		1034911		499365		1534276		50549		17,63s
51		1,210		0,61		0,536		0,80		1059713		474563		1534276		50424		22,52s
52		1,198		0,60		0,541		0,80		1064195		470081		1534276		50580		17,83s
53		1,186		0,59		0,553		0,80		1076265		458011		1534276		50459		20,46s
54		1,174		0,59		0,552		0,79		1076044		458232		1534276		50528		17,20s
55		1,162		0,58		0,557		0,79		1081270		453006		1534276		50543		20,91s
56		1,151		0,58		0,559		0,79		1083376		450900		1534276		50579		17,37s
57		1,139		0,57		0,610		0,78		1134613		399663		1534276		50532		22,37s
58		1,128		0,56		0,607		0,78		1131947		402329		1534276		50439		16,94s
59		1,117		0,56		0,625		0,78		1150606		383670		1534276		50486		20,71s
60		1,105		0,55		0,622		0,78		1147291		386985		1534276		50510		17,30s
61		1,094		0,55		0,633		0,77		1159116		375160		1534276		50464		22,33s
62		1,083		0,54		0,643		0,77		1169254		365022		1534276		50557		16,93s
63		1,073		0,54		0,659		0,77		1185652		348624		1534276		50479		21,79s
64		1,062		0,53		0,674		0,77		1201056		333220		1534276		50552		18,15s
65		1,051		0,53		0,689		0,76		1216160		318116		1534276		50513		20,31s
66		1,041		0,52		0,715		0,76		1242659		291617		1534276		50510		17,68s
67		1,030		0,52		0,724		0,76		1252000		282276		1534276		50494		21,18s
68		1,020		0,51		0,731		0,75		1258721		275555		1534276		50529		17,82s
69		1,010		0,50		0,749		0,75		1277471		256805		1534276		50507		22,16s
70		1,000		0,50		0,753		0,75		1281242		253034		1534276		50506		17,45s
71		0,990		0,49		0,765		0,75		1293411		240865		1534276		50498		21,79s
72		0,980		0,49		0,768		0,74		1296884		237392		1534276		50498		17,37s
73		0,970		0,48		0,769		0,74		1297546		236730		1534276		50502		20,86s
74		0,960		0,48		0,769		0,74		1297640		236636		1534276		50501		17,98s
75		0,951		0,48		0,769		0,74		1297668		236608		1534276		50501		23,10s
76		0,941		0,47		0,769		0,74		1297635		236641		1534276		50497		17,27s
77		0,932		0,47		0,769		0,73		1297636		236640		1534276		50500		20,74s
78		0,922		0,46		0,769		0,73		1297642		236634		1534276		50499		18,29s
79		0,913		0,46		0,769		0,73		1297642		236634		1534276		50499		21,90s
Terminated Vaquero algorithm at iteration: 79, Runtime: 1550,48
[ForkJoinPool.commonPool-worker-1] WARN org.janusgraph.graphdb.olap.computer.FulgoraGraphComputer - Property key [gremlin.VaqueroVertexProgram.label] is not part of the schema and will be created. It is advised to initialize all keys.
Clusters capacity/usage: [0=[20000000, 24406], 1=[20000000, 27251], 2=[20000000, 24611]]
Clusters Lower Bound: [0=0, 1=2845, 2=205]
Clusters added together count: 76268
[main] WARN org.janusgraph.graphdb.transaction.StandardJanusGraphTx - Query requires iterating over all vertices [()]. For better performance, use indexes
Vertex count: 76268
Number of all to be expanded nodes: 13366
Before/After Cross Node Queries: 1023563 / 236634, Improvement: 76,88%
Good before/after Queries:  510713 / 1297642
==================================================================================


R2 Before/After Cross Node Queries: 1023563 / 271559, Improvement: 73,47% It:77
R3 Before/After Cross Node Queries: 1023563 / 292066, Improvement: 71,47% It:83
R4 Before/After Cross Node Queries: 1023563 / 360999, Improvement: 64,73% It:79
R5 Before/After Cross Node Queries: 1023563 / 250927, Improvement: 75,48% It:78
R6 Before/After Cross Node Queries: 1023563 / 344480, Improvement: 66,35% It:77
R7 Before/After Cross Node Queries: 1023563 / 338454, Improvement: 66,93% It:78 [0=[20000000, 24406], 1=[20000000, 27456], 2=[20000000, 24406]]
R8 Before/After Cross Node Queries: 1023563 / 284878, Improvement: 72,16% It:84
R9 Before/After Cross Node Queries: 1023563 / 349318, Improvement: 65,87% It:98 [0=[20000000, 24406], 1=[20000000, 27456], 2=[20000000, 24406]]
R10 Before/After Cross Node Queries: 1023563 / 322295, Improvement: 68,51% It:74
