Clusters populated to vertex count of: 76268
Clusters: [0=[20000000, 25330], 1=[20000000, 25574], 2=[20000000, 25364]]
Running test queries
[main] WARN org.janusgraph.graphdb.transaction.StandardJanusGraphTx - Query requires iterating over all vertices [()]. For better performance, use indexes
Vertex count: 76268, Max degree: 1251, Avg. degree: 23,28
Successfully added the log graph schema
Loading the log to graph
Edges added: 1256422
[main] WARN org.janusgraph.graphdb.transaction.StandardJanusGraphTx - Query requires iterating over all vertices [()]. For better performance, use indexes
Edges overall: 2403874
[main] WARN org.janusgraph.graphdb.transaction.StandardJanusGraphTx - Query requires iterating over all vertices [()]. For better performance, use indexes
[main] WARN org.janusgraph.graphdb.transaction.StandardJanusGraphTx - Query requires iterating over all vertices [()]. For better performance, use indexes
Staring Vaquero partitioning - cF=0,990, iF=0,970, nClusters=3, aProb=0,50
Clusters INIT Lower Bound: [0=670, 1=914, 2=704]
Cooling factor: 0,990
It.		Temp		tRatio		Impr.		pSwitch		Good		Cross		Sum		sCount		Time
1		2,000		1,00		0,000		1,00		510713		1023563		1534276		47225		19,13s
2		1,980		0,99		0,035		1,00		546863		987413		1534276		46086		17,26s
3		1,960		0,98		0,081		0,99		593531		940745		1534276		49130		22,42s
4		1,941		0,97		0,139		0,99		652741		881535		1534276		48895		17,16s
5		1,921		0,96		0,181		0,98		695651		838625		1534276		49661		22,76s
6		1,902		0,95		0,217		0,98		732941		801335		1534276		49683		17,81s
7		1,883		0,94		0,220		0,97		735535		798741		1534276		49930		21,72s
8		1,864		0,93		0,215		0,97		731212		803064		1534276		49900		17,66s
9		1,845		0,92		0,211		0,96		727140		807136		1534276		50102		22,87s
10		1,827		0,91		0,221		0,96		737289		796987		1534276		50064		17,43s
11		1,809		0,90		0,247		0,95		764042		770234		1534276		50208		22,61s
12		1,791		0,90		0,240		0,95		755981		778295		1534276		50315		17,83s
13		1,773		0,89		0,245		0,94		761681		772595		1534276		50194		22,97s
14		1,755		0,88		0,240		0,94		755966		778310		1534276		50214		17,84s
15		1,737		0,87		0,246		0,93		762957		771319		1534276		50255		22,09s
16		1,720		0,86		0,255		0,93		771675		762601		1534276		50352		18,09s
17		1,703		0,85		0,265		0,93		781667		752609		1534276		50228		22,34s
18		1,686		0,84		0,272		0,92		789013		745263		1534276		50142		17,73s
19		1,669		0,83		0,267		0,92		784474		749802		1534276		50211		23,63s
20		1,652		0,83		0,272		0,91		789503		744773		1534276		50130		17,27s
21		1,636		0,82		0,290		0,91		807469		726807		1534276		50137		20,69s
22		1,619		0,81		0,294		0,90		812059		722217		1534276		50245		17,83s
23		1,603		0,80		0,293		0,90		810942		723334		1534276		50110		21,86s
24		1,587		0,79		0,284		0,90		801133		733143		1534276		50160		18,24s
25		1,571		0,79		0,287		0,89		804122		730154		1534276		50289		20,92s
26		1,556		0,78		0,293		0,89		810903		723373		1534276		50170		18,12s
27		1,540		0,77		0,315		0,89		832994		701282		1534276		50162		22,81s
28		1,525		0,76		0,333		0,88		851230		683046		1534276		50203		18,09s
29		1,509		0,75		0,343		0,88		861776		672500		1534276		50409		21,90s
30		1,494		0,75		0,324		0,87		842312		691964		1534276		50481		17,76s
31		1,479		0,74		0,339		0,87		857904		676372		1534276		50429		23,11s
32		1,465		0,73		0,335		0,87		853543		680733		1534276		50329		17,46s
33		1,450		0,72		0,333		0,86		851839		682437		1534276		50379		23,56s
34		1,435		0,72		0,340		0,86		858806		675470		1534276		50413		17,96s
35		1,421		0,71		0,364		0,86		883634		650642		1534276		50299		22,10s
36		1,407		0,70		0,346		0,85		865086		669190		1534276		50270		17,67s
37		1,393		0,70		0,371		0,85		890566		643710		1534276		50300		21,56s
38		1,379		0,69		0,390		0,84		909951		624325		1534276		50220		17,99s
39		1,365		0,68		0,380		0,84		899681		634595		1534276		50268		21,14s
40		1,351		0,68		0,401		0,84		921138		613138		1534276		50426		18,00s
41		1,338		0,67		0,390		0,83		909540		624736		1534276		50337		23,09s
42		1,325		0,66		0,389		0,83		909109		625167		1534276		50386		17,47s
43		1,311		0,66		0,413		0,83		933233		601043		1534276		50363		22,21s
44		1,298		0,65		0,433		0,82		953461		580815		1534276		50418		18,02s
45		1,285		0,64		0,437		0,82		958297		575979		1534276		50381		22,45s
46		1,272		0,64		0,450		0,82		970929		563347		1534276		50407		18,15s
47		1,260		0,63		0,452		0,81		973627		560649		1534276		50394		23,54s
48		1,247		0,62		0,468		0,81		990141		544135		1534276		50414		17,99s
49		1,235		0,62		0,473		0,81		994618		539658		1534276		50402		22,23s
50		1,222		0,61		0,468		0,81		989861		544415		1534276		50437		18,04s
51		1,210		0,61		0,489		0,80		1011036		523240		1534276		50409		22,62s
52		1,198		0,60		0,495		0,80		1017285		516991		1534276		50425		18,44s
53		1,186		0,59		0,516		0,80		1038680		495596		1534276		50420		21,60s
54		1,174		0,59		0,523		0,79		1045637		488639		1534276		50308		18,06s
55		1,162		0,58		0,548		0,79		1071831		462445		1534276		50372		22,75s
56		1,151		0,58		0,540		0,79		1063472		470804		1534276		50394		17,42s
57		1,139		0,57		0,555		0,78		1078571		455705		1534276		50452		21,43s
58		1,128		0,56		0,570		0,78		1094242		440034		1534276		50470		17,52s
59		1,117		0,56		0,586		0,78		1110988		423288		1534276		50483		22,71s
60		1,105		0,55		0,574		0,78		1098305		435971		1534276		50458		17,62s
61		1,094		0,55		0,595		0,77		1119797		414479		1534276		50440		22,14s
62		1,083		0,54		0,624		0,77		1149092		385184		1534276		50419		17,41s
63		1,073		0,54		0,631		0,77		1156930		377346		1534276		50426		22,16s
64		1,062		0,53		0,634		0,77		1159443		374833		1534276		50410		17,50s
65		1,051		0,53		0,644		0,76		1170009		364267		1534276		50423		21,29s
66		1,041		0,52		0,659		0,76		1185532		348744		1534276		50419		17,57s
67		1,030		0,52		0,675		0,76		1201434		332842		1534276		50357		23,54s
68		1,020		0,51		0,681		0,75		1208053		326223		1534276		50372		18,43s
69		1,010		0,50		0,690		0,75		1216839		317437		1534276		50368		22,21s
70		1,000		0,50		0,697		0,75		1224307		309969		1534276		50361		17,93s
71		0,990		0,49		0,709		0,75		1235944		298332		1534276		50362		23,71s
72		0,980		0,49		0,711		0,74		1238711		295565		1534276		50359		17,74s
73		0,970		0,48		0,713		0,74		1240895		293381		1534276		50356		21,66s
74		0,960		0,48		0,714		0,74		1241861		292415		1534276		50361		18,13s
75		0,951		0,48		0,714		0,74		1241938		292338		1534276		50368		21,50s
76		0,941		0,47		0,715		0,74		1242351		291925		1534276		50364		17,71s
77		0,932		0,47		0,715		0,73		1242453		291823		1534276		50364		22,79s
Terminated Vaquero algorithm at iteration: 77, Runtime: 1549,57
[ForkJoinPool.commonPool-worker-1] WARN org.janusgraph.graphdb.olap.computer.FulgoraGraphComputer - Property key [gremlin.VaqueroVertexProgram.label] is not part of the schema and will be created. It is advised to initialize all keys.
Clusters capacity/usage: [0=[20000000, 24660], 1=[20000000, 26948], 2=[20000000, 24660]]
Clusters Lower Bound: [0=0, 1=2288, 2=0]
Clusters added together count: 76268
[main] WARN org.janusgraph.graphdb.transaction.StandardJanusGraphTx - Query requires iterating over all vertices [()]. For better performance, use indexes
Vertex count: 76268
Number of all to be expanded nodes: 13366
Before/After Cross Node Queries: 1023563 / 291823, Improvement: 71,49%
Good before/after Queries:  510713 / 1242453

R2 Before/After Cross Node Queries: 1023563 / 295981, Improvement: 71,08% It:75
R3 Before/After Cross Node Queries: 1023563 / 305103, Improvement: 70,19% It:78 [0=[20000000, 24660], 1=[20000000, 26948], 2=[20000000, 24660]]
R4 Before/After Cross Node Queries: 1023563 / 345768, Improvement: 66,22% It:80
R5 Before/After Cross Node Queries: 1023563 / 266792, Improvement: 73,93% It:75 [0=[20000000, 24660], 1=[20000000, 26948], 2=[20000000, 24660]]
R6 Before/After Cross Node Queries: 1023563 / 212470, Improvement: 79,24% It:80
R7 Before/After Cross Node Queries: 1023563 / 344783, Improvement: 66,32% It:76 [0=[20000000, 24660], 1=[20000000, 26948], 2=[20000000, 24660]]
R8 Before/After Cross Node Queries: 1023563 / 203580, Improvement: 80,11% It:81
R9 Before/After Cross Node Queries: 1023563 / 263497, Improvement: 74,26% It:78 [0=[20000000, 24660], 1=[20000000, 26948], 2=[20000000, 24660]]
R10 Before/After Cross Node Queries: 1023563 / 338124, Improvement: 66,97% It:76