Clusters populated to vertex count of: 76268
Clusters: [0=[20000000, 23542], 1=[20000000, 22716], 2=[20000000, 14875], 3=[20000000, 15135]]
Running test queries
[main] WARN org.janusgraph.graphdb.transaction.StandardJanusGraphTx - Query requires iterating over all vertices [()]. For better performance, use indexes
Vertex count: 76268, Max degree: 1251, Avg. degree: 23.28
Successfully added the log graph schema
Loading the log to graph
Edges added: 1256422
[main] WARN org.janusgraph.graphdb.transaction.StandardJanusGraphTx - Query requires iterating over all vertices [()]. For better performance, use indexes
Edges overall: 2403874
[main] WARN org.janusgraph.graphdb.transaction.StandardJanusGraphTx - Query requires iterating over all vertices [()]. For better performance, use indexes
[main] WARN org.janusgraph.graphdb.transaction.StandardJanusGraphTx - Query requires iterating over all vertices [()]. For better performance, use indexes
Staring Vaquero partitioning - cF=0.990, iF=0.900, nClusters=4, aProb=0.50
Clusters INIT Lower Bound: [0=6381, 1=5555, 2=-2285, 3=-2025]
Cooling factor: 0.990
It.		Temp		tRatio		Impr.		pSwitch		Good		Cross		Sum		sCount		Time
1		2.000		1.00		0.000		1.00		523577		1010699		1534276		40464		20.01s
2		1.980		0.99		-0.097		1.00		425117		1109159		1534276		49558		15.86s
3		1.960		0.98		-0.072		0.99		450577		1083699		1534276		51304		27.29s
4		1.941		0.97		-0.051		0.99		472268		1062008		1534276		51366		16.41s
5		1.921		0.96		-0.040		0.98		483086		1051190		1534276		51981		25.68s
6		1.902		0.95		-0.031		0.98		492255		1042021		1534276		52815		17.10s
7		1.883		0.94		-0.029		0.97		494272		1040004		1534276		53249		27.83s
8		1.864		0.93		-0.022		0.97		501216		1033060		1534276		53095		20.67s
9		1.845		0.92		-0.010		0.96		513259		1021017		1534276		53164		30.55s
10		1.827		0.91		-0.003		0.96		520285		1013991		1534276		53491		17.04s
11		1.809		0.90		0.004		0.95		527569		1006707		1534276		53676		27.47s
12		1.791		0.90		0.024		0.95		547379		986897		1534276		53777		17.25s
13		1.773		0.89		0.022		0.94		545495		988781		1534276		53810		36.88s
14		1.755		0.88		0.033		0.94		557303		976973		1534276		53887		17.56s
15		1.737		0.87		0.031		0.93		554648		979628		1534276		53887		17.72s
16		1.720		0.86		0.023		0.93		546853		987423		1534276		53950		25.79s
17		1.703		0.85		0.018		0.93		542053		992223		1534276		54002		17.45s
18		1.686		0.84		0.039		0.92		563337		970939		1534276		53986		19.81s
19		1.669		0.83		0.054		0.92		578590		955686		1534276		54132		28.66s
20		1.652		0.83		0.055		0.91		578872		955404		1534276		54382		17.14s
21		1.636		0.82		0.070		0.91		594084		940192		1534276		54149		19.41s
22		1.619		0.81		0.060		0.90		584393		949883		1534276		54268		27.72s
23		1.603		0.80		0.076		0.90		600331		933945		1534276		54312		17.88s
24		1.587		0.79		0.075		0.90		599011		935265		1534276		54442		18.19s
25		1.571		0.79		0.093		0.89		617364		916912		1534276		54359		27.49s
26		1.556		0.78		0.092		0.89		616972		917304		1534276		54467		17.17s
27		1.540		0.77		0.099		0.89		623373		910903		1534276		54501		23.41s
28		1.525		0.76		0.111		0.88		635794		898482		1534276		54477		26.57s
29		1.509		0.75		0.111		0.88		636076		898200		1534276		54396		17.42s
30		1.494		0.75		0.118		0.87		642579		891697		1534276		54505		19.27s
31		1.479		0.74		0.128		0.87		652552		881724		1534276		54530		28.99s
32		1.465		0.73		0.130		0.87		655355		878921		1534276		54503		16.25s
33		1.450		0.72		0.139		0.86		664531		869745		1534276		54466		17.42s
34		1.435		0.72		0.153		0.86		678033		856243		1534276		54705		29.36s
35		1.421		0.71		0.162		0.86		686970		847306		1534276		54667		16.66s
36		1.407		0.70		0.167		0.85		692019		842257		1534276		54673		18.72s
37		1.393		0.70		0.193		0.85		718234		816042		1534276		54671		28.69s
38		1.379		0.69		0.201		0.84		726561		807715		1534276		54611		16.15s
39		1.365		0.68		0.212		0.84		738269		796007		1534276		54569		18.08s
40		1.351		0.68		0.223		0.84		748687		785589		1534276		54685		29.60s
41		1.338		0.67		0.240		0.83		766295		767981		1534276		54704		16.71s
42		1.325		0.66		0.257		0.83		783312		750964		1534276		54676		18.04s
43		1.311		0.66		0.279		0.83		805751		728525		1534276		54701		31.12s
44		1.298		0.65		0.314		0.82		841032		693244		1534276		54730		15.98s
45		1.285		0.64		0.326		0.82		853108		681168		1534276		54875		17.99s
46		1.272		0.64		0.333		0.82		860089		674187		1534276		54865		28.65s
47		1.260		0.63		0.353		0.81		880038		654238		1534276		54969		17.30s
48		1.247		0.62		0.359		0.81		886384		647892		1534276		55014		18.98s
49		1.235		0.62		0.356		0.81		883281		650995		1534276		54951		26.75s
50		1.222		0.61		0.358		0.81		885862		648414		1534276		54871		16.95s
51		1.210		0.61		0.363		0.80		890914		643362		1534276		54806		17.79s
52		1.198		0.60		0.391		0.80		918309		615967		1534276		54939		30.53s
53		1.186		0.59		0.375		0.80		902476		631800		1534276		54798		17.14s
54		1.174		0.59		0.390		0.79		917989		616287		1534276		54719		18.98s
55		1.162		0.58		0.399		0.79		926425		607851		1534276		54729		35.24s
56		1.151		0.58		0.402		0.79		929504		604772		1534276		54688		19.70s
57		1.139		0.57		0.424		0.78		951850		582426		1534276		54718		18.67s
58		1.128		0.56		0.423		0.78		951516		582760		1534276		54731		28.89s
59		1.117		0.56		0.436		0.78		963905		570371		1534276		54691		17.95s
60		1.105		0.55		0.440		0.78		968067		566209		1534276		54664		18.05s
61		1.094		0.55		0.460		0.77		988864		545412		1534276		54681		31.02s
62		1.083		0.54		0.455		0.77		983776		550500		1534276		54633		15.87s
63		1.073		0.54		0.470		0.77		998850		535426		1534276		54649		18.43s
64		1.062		0.53		0.470		0.77		998680		535596		1534276		54766		33.98s
65		1.051		0.53		0.468		0.76		996109		538167		1534276		54666		16.12s
66		1.041		0.52		0.473		0.76		1002026		532250		1534276		54649		18.66s
67		1.030		0.52		0.485		0.76		1013944		520332		1534276		54623		27.37s
68		1.020		0.51		0.506		0.75		1035333		498943		1534276		54635		16.45s
69		1.010		0.50		0.526		0.75		1055075		479201		1534276		54540		18.76s
70		1.000		0.50		0.535		0.75		1063986		470290		1534276		54620		30.93s
71		0.990		0.49		0.547		0.75		1076117		458159		1534276		54555		16.59s
72		0.980		0.49		0.536		0.74		1065273		469003		1534276		54601		18.33s
73		0.970		0.48		0.541		0.74		1070281		463995		1534276		54542		28.69s
74		0.960		0.48		0.534		0.74		1063198		471078		1534276		54600		16.13s
75		0.951		0.48		0.542		0.74		1071274		463002		1534276		54619		19.38s
76		0.941		0.47		0.542		0.74		1071606		462670		1534276		54557		26.28s
77		0.932		0.47		0.563		0.73		1092863		441413		1534276		54584		16.21s
78		0.922		0.46		0.568		0.73		1097644		436632		1534276		54601		18.37s
79		0.913		0.46		0.567		0.73		1096316		437960		1534276		54665		35.74s
80		0.904		0.45		0.544		0.73		1073641		460635		1534276		54685		16.72s
81		0.895		0.45		0.578		0.72		1107661		426615		1534276		54657		19.12s
82		0.886		0.44		0.571		0.72		1100876		433400		1534276		54664		30.83s
83		0.877		0.44		0.580		0.72		1109686		424590		1534276		54707		17.07s
84		0.868		0.43		0.575		0.72		1104935		429341		1534276		54703		18.16s
85		0.860		0.43		0.589		0.71		1119298		414978		1534276		54729		30.46s
86		0.851		0.43		0.597		0.71		1127404		406872		1534276		54657		17.75s
87		0.843		0.42		0.598		0.71		1128224		406052		1534276		54627		18.89s
88		0.834		0.42		0.593		0.71		1122964		411312		1534276		54610		30.16s
89		0.826		0.41		0.608		0.71		1138394		395882		1534276		54641		16.98s
90		0.818		0.41		0.629		0.70		1159731		374545		1534276		54590		18.60s
91		0.809		0.40		0.618		0.70		1147880		386396		1534276		54534		31.76s
92		0.801		0.40		0.628		0.70		1158022		376254		1534276		54583		20.12s
93		0.793		0.40		0.621		0.70		1151706		382570		1534276		54608		19.06s
94		0.785		0.39		0.642		0.70		1172362		361914		1534276		54598		31.64s
95		0.778		0.39		0.646		0.69		1176211		358065		1534276		54608		18.63s
96		0.770		0.38		0.663		0.69		1193226		341050		1534276		54582		17.73s
97		0.762		0.38		0.673		0.69		1203459		330817		1534276		54597		30.91s
98		0.754		0.38		0.678		0.69		1209097		325179		1534276		54564		16.59s
99		0.747		0.37		0.680		0.69		1210623		323653		1534276		54575		19.05s
100		0.739		0.37		0.677		0.68		1208019		326257		1534276		54572		28.63s
101		0.732		0.37		0.686		0.68		1216680		317596		1534276		54580		16.72s
102		0.725		0.36		0.673		0.68		1203411		330865		1534276		54577		18.98s
103		0.717		0.36		0.693		0.68		1223984		310292		1534276		54567		30.60s
104		0.710		0.36		0.696		0.68		1226765		307511		1534276		54549		17.34s
105		0.703		0.35		0.706		0.68		1237240		297036		1534276		54543		18.59s
106		0.696		0.35		0.705		0.67		1236596		297680		1534276		54544		30.62s
107		0.689		0.34		0.717		0.67		1248441		285835		1534276		54552		16.02s
108		0.682		0.34		0.720		0.67		1251183		283093		1534276		54568		17.90s
109		0.676		0.34		0.721		0.67		1252714		281562		1534276		54562		27.19s
110		0.669		0.33		0.726		0.67		1257460		276816		1534276		54572		18.47s
111		0.662		0.33		0.731		0.67		1262457		271819		1534276		54578		18.42s
112		0.655		0.33		0.734		0.66		1265002		269274		1534276		54573		31.00s
113		0.649		0.32		0.736		0.66		1267536		266740		1534276		54571		17.79s
114		0.642		0.32		0.737		0.66		1268033		266243		1534276		54572		18.49s
115		0.636		0.32		0.738		0.66		1269182		265094		1534276		54576		28.01s
116		0.630		0.31		0.739		0.66		1270827		263449		1534276		54581		16.15s
117		0.623		0.31		0.740		0.66		1270997		263279		1534276		54587		18.82s
118		0.617		0.31		0.742		0.65		1273705		260571		1534276		54586		33.47s
119		0.611		0.31		0.743		0.65		1274207		260069		1534276		54584		16.49s
120		0.605		0.30		0.743		0.65		1274248		260028		1534276		54582		18.47s
121		0.599		0.30		0.743		0.65		1274308		259968		1534276		54586		28.51s
122		0.593		0.30		0.743		0.65		1274373		259903		1534276		54588		16.47s
123		0.587		0.29		0.743		0.65		1274371		259905		1534276		54588		18.23s
124		0.581		0.29		0.743		0.65		1274389		259887		1534276		54589		28.85s
125		0.575		0.29		0.743		0.64		1274445		259831		1534276		54590		16.70s
126		0.569		0.28		0.743		0.64		1274473		259803		1534276		54590		19.39s
127		0.564		0.28		0.743		0.64		1274481		259795		1534276		54590		27.94s
128		0.558		0.28		0.743		0.64		1274548		259728		1534276		54590		18.26s
Terminated Vaquero algorithm at iteration: 128, Runtime: 2811.10
[ForkJoinPool.commonPool-worker-9] WARN org.janusgraph.graphdb.olap.computer.FulgoraGraphComputer - Property key [gremlin.VaqueroVertexProgram.label] is not part of the schema and will be created. It is advised to initialize all keys.
Clusters capacity/usage: [0=[20000000, 23262], 1=[20000000, 17161], 2=[20000000, 18314], 3=[20000000, 17531]]
Clusters Lower Bound: [0=6101, 1=0, 2=1154, 3=371]
Clusters added together count: 76268
[main] WARN org.janusgraph.graphdb.transaction.StandardJanusGraphTx - Query requires iterating over all vertices [()]. For better performance, use indexes
Vertex count: 76268
Number of all to be expanded nodes: 13366
Before/After Cross Node Queries: 1010699 / 259728, Improvement: 74.30%
Good before/after Queries:  523577 / 1274548

R2 Before/After Cross Node Queries: 1010699 / 283225, Improvement: 71.98%

