VCount: 1088092
Clusters populated to vertex count of: 1088094
Edge count: 3083796
Clusters: [0=[20000000, 217614], 1=[20000000, 217620], 2=[20000000, 217591], 3=[20000000, 217642], 4=[20000000, 217627]]
Running test queries
[main] WARN org.janusgraph.graphdb.transaction.StandardJanusGraphTx - Query requires iterating over all vertices [()]. For better performance, use indexes
Vertex count: 1088092, Max degree: 9, Avg. degree: 2,83
Number of queries: 10880
No target count: 2980
Successfully added the log graph schema
Loading the log to graph
Edges added: 310664
[main] WARN org.janusgraph.graphdb.transaction.StandardJanusGraphTx - Query requires iterating over all vertices [()]. For better performance, use indexes
Edges overall: 3239128
[main] WARN org.janusgraph.graphdb.transaction.StandardJanusGraphTx - Query requires iterating over all vertices [()]. For better performance, use indexes
[main] WARN org.janusgraph.graphdb.transaction.StandardJanusGraphTx - Query requires iterating over all vertices [()]. For better performance, use indexes
Staring Vaquero partitioning - cF=0,990, iF=0,900, nClusters=5, aProb=0,50
Clusters INIT Lower Bound: [0=21756, 1=21763, 2=21733, 3=21785, 4=21770]
Cooling factor: 0,990
It.		Temp		tRatio		Impr.		pSwitch		Good		Cross		Sum		sCount		Time
1		2,000		1,00		1,000		1,00		0		0		0		835691		28,86s		 
2		1,980		0,99		1,000		1,00		0		0		0		543632		27,39s		 
3		1,960		0,98		1,000		0,99		0		0		0		785754		27,17s		 
4		1,941		0,97		1,000		0,99		0		0		0		637990		27,22s		 
5		1,921		0,96		1,000		0,98		0		0		0		772151		28,25s		 
6		1,902		0,95		1,000		0,98		0		0		0		676370		27,55s		 
7		1,883		0,94		1,000		0,97		0		0		0		764891		27,32s		 
8		1,864		0,93		1,000		0,97		0		0		0		700354		27,05s		 
9		1,845		0,92		1,000		0,96		0		0		0		754465		26,99s		 
10		1,827		0,91		1,000		0,96		0		0		0		716766		26,90s		 
11		1,809		0,90		1,000		0,95		0		0		0		748633		30,22s		 
12		1,791		0,90		1,000		0,95		0		0		0		726773		26,26s		 
13		1,773		0,89		1,000		0,94		0		0		0		745312		26,31s		 
14		1,755		0,88		1,000		0,94		0		0		0		733346		26,26s		 
15		1,737		0,87		1,000		0,93		0		0		0		744133		26,48s		 
16		1,720		0,86		1,000		0,93		0		0		0		737266		26,17s		 
17		1,703		0,85		1,000		0,93		0		0		0		743085		26,24s		 
18		1,686		0,84		1,000		0,92		0		0		0		739893		26,14s		 
19		1,669		0,83		1,000		0,92		0		0		0		743082		26,36s		 
20		1,652		0,83		1,000		0,91		0		0		0		741567		26,34s		 
21		1,636		0,82		1,000		0,91		0		0		0		743066		26,29s		 
22		1,619		0,81		1,000		0,90		0		0		0		742498		26,22s		 
23		1,603		0,80		1,000		0,90		0		0		0		743524		26,18s		 
24		1,587		0,79		1,000		0,90		0		0		0		743322		26,19s		 
25		1,571		0,79		1,000		0,89		0		0		0		743723		26,17s		 
26		1,556		0,78		1,000		0,89		0		0		0		743911		26,16s		 
27		1,540		0,77		1,000		0,89		0		0		0		744125		26,13s		 
28		1,525		0,76		1,000		0,88		0		0		0		744289		26,12s		 
29		1,509		0,75		1,000		0,88		0		0		0		744385		26,13s		 
30		1,494		0,75		1,000		0,87		0		0		0		744429		26,26s		 
31		1,479		0,74		1,000		0,87		0		0		0		744457		26,26s		 
32		1,465		0,73		1,000		0,87		0		0		0		744542		26,27s		 
33		1,450		0,72		1,000		0,86		0		0		0		744527		26,08s		 
34		1,435		0,72		1,000		0,86		0		0		0		744723		26,27s		 
35		1,421		0,71		1,000		0,86		0		0		0		744869		26,07s		 
36		1,407		0,70		1,000		0,85		0		0		0		744886		28,22s		 
37		1,393		0,70		1,000		0,85		0		0		0		744918		26,12s		 
38		1,379		0,69		1,000		0,84		0		0		0		745051		26,05s		 
39		1,365		0,68		1,000		0,84		0		0		0		745106		26,10s		 
40		1,351		0,68		1,000		0,84		0		0		0		745169		26,05s		 
41		1,338		0,67		1,000		0,83		0		0		0		745132		26,03s		 
42		1,325		0,66		1,000		0,83		0		0		0		745164		26,14s		 
43		1,311		0,66		1,000		0,83		0		0		0		745203		27,31s		 
44		1,298		0,65		1,000		0,82		0		0		0		745223		26,28s		 
45		1,285		0,64		1,000		0,82		0		0		0		745228		26,12s		 
46		1,272		0,64		1,000		0,82		0		0		0		745302		25,96s		 
47		1,260		0,63		1,000		0,81		0		0		0		745329		25,89s		 
48		1,247		0,62		1,000		0,81		0		0		0		745368		25,91s		 
49		1,235		0,62		1,000		0,81		0		0		0		745409		25,96s		 
50		1,222		0,61		1,000		0,81		0		0		0		745444		26,04s		 
51		1,210		0,61		1,000		0,80		0		0		0		745446		25,91s		 
52		1,198		0,60		1,000		0,80		0		0		0		745509		25,95s		 
53		1,186		0,59		1,000		0,80		0		0		0		745527		26,04s		 
54		1,174		0,59		1,000		0,79		0		0		0		745502		25,99s		 
55		1,162		0,58		1,000		0,79		0		0		0		745540		25,96s		 
56		1,151		0,58		1,000		0,79		0		0		0		745442		25,98s		 
57		1,139		0,57		1,000		0,78		0		0		0		745516		26,02s		 
58		1,128		0,56		1,000		0,78		0		0		0		745504		26,05s		 
59		1,117		0,56		1,000		0,78		0		0		0		745528		26,01s		 
60		1,105		0,55		1,000		0,78		0		0		0		745535		26,00s		 
61		1,094		0,55		1,000		0,77		0		0		0		745570		28,02s		 
62		1,083		0,54		1,000		0,77		0		0		0		745587		25,86s		 
63		1,073		0,54		1,000		0,77		0		0		0		745615		25,83s		 
64		1,062		0,53		1,000		0,77		0		0		0		745614		27,00s		 
65		1,051		0,53		1,000		0,76		0		0		0		745586		25,95s		 
66		1,041		0,52		1,000		0,76		0		0		0		745592		26,05s		 
67		1,030		0,52		1,000		0,76		0		0		0		745632		26,06s		 
68		1,020		0,51		1,000		0,75		0		0		0		745624		26,04s		 
69		1,010		0,50		1,000		0,75		0		0		0		745639		26,03s		 
70		1,000		0,50		1,000		0,75		0		0		0		745626		25,98s		 
71		0,990		0,49		1,000		0,75		0		0		0		745626		26,07s		 
72		0,980		0,49		1,000		0,74		0		0		0		745627		26,09s		 
73		0,970		0,48		1,000		0,74		0		0		0		745623		26,10s		 
74		0,960		0,48		1,000		0,74		0		0		0		745623		27,27s		 
75		0,951		0,48		1,000		0,74		0		0		0		745620		26,62s		 
76		0,941		0,47		1,000		0,74		0		0		0		745618		26,02s		 
77		0,932		0,47		1,000		0,73		0		0		0		745621		26,00s		 
78		0,922		0,46		1,000		0,73		0		0		0		745623		26,04s		 
79		0,913		0,46		1,000		0,73		0		0		0		745618		25,98s		 
80		0,904		0,45		1,000		0,73		0		0		0		745622		26,00s		 
81		0,895		0,45		1,000		0,72		0		0		0		745621		26,10s		 
82		0,886		0,44		1,000		0,72		0		0		0		745622		26,10s		 
83		0,877		0,44		1,000		0,72		0		0		0		745623		26,21s		 
84		0,868		0,43		1,000		0,72		0		0		0		745624		26,12s		 
85		0,860		0,43		1,000		0,71		0		0		0		745620		26,19s		 
86		0,851		0,43		1,000		0,71		0		0		0		745619		28,09s		 
87		0,843		0,42		1,000		0,71		0		0		0		745619		25,83s		 
88		0,834		0,42		1,000		0,71		0		0		0		745618		25,89s		 
89		0,826		0,41		1,000		0,71		0		0		0		745618		25,81s		 
Terminated Vaquero algorithm at iteration: 89, Runtime: 2367,14
[ForkJoinPool.commonPool-worker-3] WARN org.janusgraph.graphdb.olap.computer.FulgoraGraphComputer - Property key [gremlin.VaqueroVertexProgram.label] is not part of the schema and will be created. It is advised to initialize all keys.
Clusters capacity/usage: [0=[20000000, 304664], 1=[20000000, 195857], 2=[20000000, 195857], 3=[20000000, 195857], 4=[20000000, 195857]]
Clusters Lower Bound: [0=108807, 1=0, 2=0, 3=0, 4=0]
Clusters added together count: 1088092
[main] WARN org.janusgraph.graphdb.transaction.StandardJanusGraphTx - Query requires iterating over all vertices [()]. For better performance, use indexes
Vertex count: 1088092
Before/After Cross Node Queries: 480110 / 146611, Improvement: 69,46%
Good before/after Queries:  70792 / 404291

VCount: 1088092
Clusters populated to vertex count of: 1088094
Edge count: 3083796
Clusters: [0=[20000000, 217614], 1=[20000000, 217620], 2=[20000000, 217591], 3=[20000000, 217642], 4=[20000000, 217627]]
Running test queries
[main] WARN org.janusgraph.graphdb.transaction.StandardJanusGraphTx - Query requires iterating over all vertices [()]. For better performance, use indexes
Vertex count: 1088092, Max degree: 9, Avg. degree: 2,83
Number of queries: 10880
No target count: 2980
Successfully added the log graph schema
Loading the log to graph
Edges added: 310664
[main] WARN org.janusgraph.graphdb.transaction.StandardJanusGraphTx - Query requires iterating over all vertices [()]. For better performance, use indexes
Edges overall: 3239128
[main] WARN org.janusgraph.graphdb.transaction.StandardJanusGraphTx - Query requires iterating over all vertices [()]. For better performance, use indexes
[main] WARN org.janusgraph.graphdb.transaction.StandardJanusGraphTx - Query requires iterating over all vertices [()]. For better performance, use indexes
Staring Vaquero partitioning - cF=0,990, iF=0,900, nClusters=5, aProb=0,50
Clusters INIT Lower Bound: [0=21756, 1=21763, 2=21733, 3=21785, 4=21770]
Cooling factor: 0,990
It.		Temp		tRatio		Impr.		pSwitch		Good		Cross		Sum		sCount		Time
1		2,000		1,00		1,000		1,00		0		0		0		835691		28,86s		 
2		1,980		0,99		1,000		1,00		0		0		0		543632		27,39s		 
3		1,960		0,98		1,000		0,99		0		0		0		785754		27,17s		 
4		1,941		0,97		1,000		0,99		0		0		0		637990		27,22s		 
5		1,921		0,96		1,000		0,98		0		0		0		772151		28,25s		 
6		1,902		0,95		1,000		0,98		0		0		0		676370		27,55s		 
7		1,883		0,94		1,000		0,97		0		0		0		764891		27,32s		 
8		1,864		0,93		1,000		0,97		0		0		0		700354		27,05s		 
9		1,845		0,92		1,000		0,96		0		0		0		754465		26,99s		 
10		1,827		0,91		1,000		0,96		0		0		0		716766		26,90s		 
11		1,809		0,90		1,000		0,95		0		0		0		748633		30,22s		 
12		1,791		0,90		1,000		0,95		0		0		0		726773		26,26s		 
13		1,773		0,89		1,000		0,94		0		0		0		745312		26,31s		 
14		1,755		0,88		1,000		0,94		0		0		0		733346		26,26s		 
15		1,737		0,87		1,000		0,93		0		0		0		744133		26,48s		 
16		1,720		0,86		1,000		0,93		0		0		0		737266		26,17s		 
17		1,703		0,85		1,000		0,93		0		0		0		743085		26,24s		 
18		1,686		0,84		1,000		0,92		0		0		0		739893		26,14s		 
19		1,669		0,83		1,000		0,92		0		0		0		743082		26,36s		 
20		1,652		0,83		1,000		0,91		0		0		0		741567		26,34s		 
21		1,636		0,82		1,000		0,91		0		0		0		743066		26,29s		 
22		1,619		0,81		1,000		0,90		0		0		0		742498		26,22s		 
23		1,603		0,80		1,000		0,90		0		0		0		743524		26,18s		 
24		1,587		0,79		1,000		0,90		0		0		0		743322		26,19s		 
25		1,571		0,79		1,000		0,89		0		0		0		743723		26,17s		 
26		1,556		0,78		1,000		0,89		0		0		0		743911		26,16s		 
27		1,540		0,77		1,000		0,89		0		0		0		744125		26,13s		 
28		1,525		0,76		1,000		0,88		0		0		0		744289		26,12s		 
29		1,509		0,75		1,000		0,88		0		0		0		744385		26,13s		 
30		1,494		0,75		1,000		0,87		0		0		0		744429		26,26s		 
31		1,479		0,74		1,000		0,87		0		0		0		744457		26,26s		 
32		1,465		0,73		1,000		0,87		0		0		0		744542		26,27s		 
33		1,450		0,72		1,000		0,86		0		0		0		744527		26,08s		 
34		1,435		0,72		1,000		0,86		0		0		0		744723		26,27s		 
35		1,421		0,71		1,000		0,86		0		0		0		744869		26,07s		 
36		1,407		0,70		1,000		0,85		0		0		0		744886		28,22s		 
37		1,393		0,70		1,000		0,85		0		0		0		744918		26,12s		 
38		1,379		0,69		1,000		0,84		0		0		0		745051		26,05s		 
39		1,365		0,68		1,000		0,84		0		0		0		745106		26,10s		 
40		1,351		0,68		1,000		0,84		0		0		0		745169		26,05s		 
41		1,338		0,67		1,000		0,83		0		0		0		745132		26,03s		 
42		1,325		0,66		1,000		0,83		0		0		0		745164		26,14s		 
43		1,311		0,66		1,000		0,83		0		0		0		745203		27,31s		 
44		1,298		0,65		1,000		0,82		0		0		0		745223		26,28s		 
45		1,285		0,64		1,000		0,82		0		0		0		745228		26,12s		 
46		1,272		0,64		1,000		0,82		0		0		0		745302		25,96s		 
47		1,260		0,63		1,000		0,81		0		0		0		745329		25,89s		 
48		1,247		0,62		1,000		0,81		0		0		0		745368		25,91s		 
49		1,235		0,62		1,000		0,81		0		0		0		745409		25,96s		 
50		1,222		0,61		1,000		0,81		0		0		0		745444		26,04s		 
51		1,210		0,61		1,000		0,80		0		0		0		745446		25,91s		 
52		1,198		0,60		1,000		0,80		0		0		0		745509		25,95s		 
53		1,186		0,59		1,000		0,80		0		0		0		745527		26,04s		 
54		1,174		0,59		1,000		0,79		0		0		0		745502		25,99s		 
55		1,162		0,58		1,000		0,79		0		0		0		745540		25,96s		 
56		1,151		0,58		1,000		0,79		0		0		0		745442		25,98s		 
57		1,139		0,57		1,000		0,78		0		0		0		745516		26,02s		 
58		1,128		0,56		1,000		0,78		0		0		0		745504		26,05s		 
59		1,117		0,56		1,000		0,78		0		0		0		745528		26,01s		 
60		1,105		0,55		1,000		0,78		0		0		0		745535		26,00s		 
61		1,094		0,55		1,000		0,77		0		0		0		745570		28,02s		 
62		1,083		0,54		1,000		0,77		0		0		0		745587		25,86s		 
63		1,073		0,54		1,000		0,77		0		0		0		745615		25,83s		 
64		1,062		0,53		1,000		0,77		0		0		0		745614		27,00s		 
65		1,051		0,53		1,000		0,76		0		0		0		745586		25,95s		 
66		1,041		0,52		1,000		0,76		0		0		0		745592		26,05s		 
67		1,030		0,52		1,000		0,76		0		0		0		745632		26,06s		 
68		1,020		0,51		1,000		0,75		0		0		0		745624		26,04s		 
69		1,010		0,50		1,000		0,75		0		0		0		745639		26,03s		 
70		1,000		0,50		1,000		0,75		0		0		0		745626		25,98s		 
71		0,990		0,49		1,000		0,75		0		0		0		745626		26,07s		 
72		0,980		0,49		1,000		0,74		0		0		0		745627		26,09s		 
73		0,970		0,48		1,000		0,74		0		0		0		745623		26,10s		 
74		0,960		0,48		1,000		0,74		0		0		0		745623		27,27s		 
75		0,951		0,48		1,000		0,74		0		0		0		745620		26,62s		 
76		0,941		0,47		1,000		0,74		0		0		0		745618		26,02s		 
77		0,932		0,47		1,000		0,73		0		0		0		745621		26,00s		 
78		0,922		0,46		1,000		0,73		0		0		0		745623		26,04s		 
79		0,913		0,46		1,000		0,73		0		0		0		745618		25,98s		 
80		0,904		0,45		1,000		0,73		0		0		0		745622		26,00s		 
81		0,895		0,45		1,000		0,72		0		0		0		745621		26,10s		 
82		0,886		0,44		1,000		0,72		0		0		0		745622		26,10s		 
83		0,877		0,44		1,000		0,72		0		0		0		745623		26,21s		 
84		0,868		0,43		1,000		0,72		0		0		0		745624		26,12s		 
85		0,860		0,43		1,000		0,71		0		0		0		745620		26,19s		 
86		0,851		0,43		1,000		0,71		0		0		0		745619		28,09s		 
87		0,843		0,42		1,000		0,71		0		0		0		745619		25,83s		 
88		0,834		0,42		1,000		0,71		0		0		0		745618		25,89s		 
89		0,826		0,41		1,000		0,71		0		0		0		745618		25,81s		 
Terminated Vaquero algorithm at iteration: 89, Runtime: 2367,14
[ForkJoinPool.commonPool-worker-3] WARN org.janusgraph.graphdb.olap.computer.FulgoraGraphComputer - Property key [gremlin.VaqueroVertexProgram.label] is not part of the schema and will be created. It is advised to initialize all keys.
Clusters capacity/usage: [0=[20000000, 304664], 1=[20000000, 195857], 2=[20000000, 195857], 3=[20000000, 195857], 4=[20000000, 195857]]
Clusters Lower Bound: [0=108807, 1=0, 2=0, 3=0, 4=0]
Clusters added together count: 1088092
[main] WARN org.janusgraph.graphdb.transaction.StandardJanusGraphTx - Query requires iterating over all vertices [()]. For better performance, use indexes
Vertex count: 1088092
Before/After Cross Node Queries: 480110 / 146611, Improvement: 69,46%
Good before/after Queries:  70792 / 404291
[main] WARN org.janusgraph.graphdb.transaction.StandardJanusGraphTx - Query requires iterating over all vertices [()]. For better performance, use indexes
[main] WARN org.janusgraph.graphdb.transaction.StandardJanusGraphTx - Query requires iterating over all vertices [()]. For better performance, use indexes
Staring Vaquero partitioning - cF=0,990, iF=0,900, nClusters=5, aProb=0,50
Clusters INIT Lower Bound: [0=21756, 1=21763, 2=21733, 3=21785, 4=21770]
Cooling factor: 0,990
It.		Temp		tRatio		Impr.		pSwitch		Good		Cross		Sum		sCount		Time
1		2,000		1,00		1,000		1,00		0		0		0		835704		35,41s		 
2		1,980		0,99		1,000		1,00		0		0		0		543199		35,00s		 
3		1,960		0,98		1,000		0,99		0		0		0		785937		34,89s		 
4		1,941		0,97		1,000		0,99		0		0		0		638581		34,76s		 
5		1,921		0,96		1,000		0,98		0		0		0		772174		34,82s		 
6		1,902		0,95		1,000		0,98		0		0		0		676954		35,76s		 
7		1,883		0,94		1,000		0,97		0		0		0		764699		37,16s		 
8		1,864		0,93		1,000		0,97		0		0		0		700639		33,90s		 
9		1,845		0,92		1,000		0,96		0		0		0		754465		34,05s		 
10		1,827		0,91		1,000		0,96		0		0		0		716681		33,80s		 
11		1,809		0,90		1,000		0,95		0		0		0		748451		33,88s		 
12		1,791		0,90		1,000		0,95		0		0		0		726790		33,88s		 
13		1,773		0,89		1,000		0,94		0		0		0		745324		33,85s		 
14		1,755		0,88		1,000		0,94		0		0		0		732895		33,88s		 
15		1,737		0,87		1,000		0,93		0		0		0		743481		33,89s		 
16		1,720		0,86		1,000		0,93		0		0		0		736955		33,95s		 
17		1,703		0,85		1,000		0,93		0		0		0		742951		33,93s		 
18		1,686		0,84		1,000		0,92		0		0		0		739903		33,84s		 
19		1,669		0,83		1,000		0,92		0		0		0		742676		33,76s		 
20		1,652		0,83		1,000		0,91		0		0		0		741259		33,92s		 
21		1,636		0,82		1,000		0,91		0		0		0		742566		33,84s		 
22		1,619		0,81		1,000		0,90		0		0		0		742151		33,92s		 
23		1,603		0,80		1,000		0,90		0		0		0		743087		33,92s		 
24		1,587		0,79		1,000		0,90		0		0		0		743012		34,03s		 
25		1,571		0,79		1,000		0,89		0		0		0		743395		33,87s		 
26		1,556		0,78		1,000		0,89		0		0		0		743473		33,91s		 
27		1,540		0,77		1,000		0,89		0		0		0		743677		33,77s		 
28		1,525		0,76		1,000		0,88		0		0		0		743681		33,87s		 
29		1,509		0,75		1,000		0,88		0		0		0		743859		33,87s		 
30		1,494		0,75		1,000		0,87		0		0		0		744008		33,83s		 
31		1,479		0,74		1,000		0,87		0		0		0		744106		33,85s		 
32		1,465		0,73		1,000		0,87		0		0		0		744184		33,93s		 
33		1,450		0,72		1,000		0,86		0		0		0		744339		34,02s		 
34		1,435		0,72		1,000		0,86		0		0		0		744371		34,40s		 
35		1,421		0,71		1,000		0,86		0		0		0		744397		34,69s		 
36		1,407		0,70		1,000		0,85		0		0		0		744620		34,07s		 
37		1,393		0,70		1,000		0,85		0		0		0		744626		33,91s		 
38		1,379		0,69		1,000		0,84		0		0		0		744769		33,73s		 
39		1,365		0,68		1,000		0,84		0		0		0		744758		33,84s		 
40		1,351		0,68		1,000		0,84		0		0		0		744691		33,80s		 
41		1,338		0,67		1,000		0,83		0		0		0		744927		33,85s		 
42		1,325		0,66		1,000		0,83		0		0		0		744932		34,86s		 
43		1,311		0,66		1,000		0,83		0		0		0		744996		33,42s		 
44		1,298		0,65		1,000		0,82		0		0		0		744967		33,51s		 
45		1,285		0,64		1,000		0,82		0		0		0		745097		33,47s		 
46		1,272		0,64		1,000		0,82		0		0		0		745120		33,50s		 
47		1,260		0,63		1,000		0,81		0		0		0		745175		33,55s		 
48		1,247		0,62		1,000		0,81		0		0		0		745070		33,49s		 
49		1,235		0,62		1,000		0,81		0		0		0		745126		33,53s		 
50		1,222		0,61		1,000		0,81		0		0		0		745153		33,46s		 
51		1,210		0,61		1,000		0,80		0		0		0		745185		33,62s		 
52		1,198		0,60		1,000		0,80		0		0		0		745126		33,64s		 
53		1,186		0,59		1,000		0,80		0		0		0		745208		34,30s		 
54		1,174		0,59		1,000		0,79		0		0		0		745198		37,17s		 
55		1,162		0,58		1,000		0,79		0		0		0		745249		37,57s		 
56		1,151		0,58		1,000		0,79		0		0		0		745261		35,07s		 
57		1,139		0,57		1,000		0,78		0		0		0		745317		34,10s		 
58		1,128		0,56		1,000		0,78		0		0		0		745307		35,95s		 
59		1,117		0,56		1,000		0,78		0		0		0		745402		33,71s		 
60		1,105		0,55		1,000		0,78		0		0		0		745443		33,73s		 
61		1,094		0,55		1,000		0,77		0		0		0		745418		33,74s		 
62		1,083		0,54		1,000		0,77		0		0		0		745427		33,67s		 
63		1,073		0,54		1,000		0,77		0		0		0		745437		33,69s		 
64		1,062		0,53		1,000		0,77		0		0		0		745468		33,63s		 
65		1,051		0,53		1,000		0,76		0		0		0		745474		34,07s		 
66		1,041		0,52		1,000		0,76		0		0		0		745517		34,74s		 
67		1,030		0,52		1,000		0,76		0		0		0		745555		34,16s		 
68		1,020		0,51		1,000		0,75		0		0		0		745551		33,84s		 
69		1,010		0,50		1,000		0,75		0		0		0		745542		33,79s		 
70		1,000		0,50		1,000		0,75		0		0		0		745546		33,69s		 
71		0,990		0,49		1,000		0,75		0		0		0		745546		33,65s		 
72		0,980		0,49		1,000		0,74		0		0		0		745540		33,89s		 
73		0,970		0,48		1,000		0,74		0		0		0		745545		33,77s		 
74		0,960		0,48		1,000		0,74		0		0		0		745540		33,82s		 
75		0,951		0,48		1,000		0,74		0		0		0		745542		33,73s		 
76		0,941		0,47		1,000		0,74		0		0		0		745540		33,74s		 
77		0,932		0,47		1,000		0,73		0		0		0		745539		34,53s		 
78		0,922		0,46		1,000		0,73		0		0		0		745537		33,46s		 
79		0,913		0,46		1,000		0,73		0		0		0		745536		33,33s		 
80		0,904		0,45		1,000		0,73		0		0		0		745539		33,85s		 
81		0,895		0,45		1,000		0,72		0		0		0		745538		33,50s		 
82		0,886		0,44		1,000		0,72		0		0		0		745534		33,58s		 
83		0,877		0,44		1,000		0,72		0		0		0		745533		33,48s		 
84		0,868		0,43		1,000		0,72		0		0		0		745532		33,44s		 
85		0,860		0,43		1,000		0,71		0		0		0		745532		33,62s		 
86		0,851		0,43		1,000		0,71		0		0		0		745533		33,42s		 
87		0,843		0,42		1,000		0,71		0		0		0		745532		34,76s		 
88		0,834		0,42		1,000		0,71		0		0		0		745535		33,78s		 
89		0,826		0,41		1,000		0,71		0		0		0		745534		33,59s		 
90		0,818		0,41		1,000		0,70		0		0		0		745534		33,65s		 
91		0,809		0,40		1,000		0,70		0		0		0		745536		33,41s		 
92		0,801		0,40		1,000		0,70		0		0		0		745537		33,49s		 
93		0,793		0,40		1,000		0,70		0		0		0		745538		33,61s		 
94		0,785		0,39		1,000		0,70		0		0		0		745534		33,44s		 
95		0,778		0,39		1,000		0,69		0		0		0		745533		33,48s		 
96		0,770		0,38		1,000		0,69		0		0		0		745534		33,51s		 
97		0,762		0,38		1,000		0,69		0		0		0		745534		33,61s		 
98		0,754		0,38		1,000		0,69		0		0		0		745534		33,53s		 
99		0,747		0,37		1,000		0,69		0		0		0		745533		33,67s		 
100		0,739		0,37		1,000		0,68		0		0		0		745533		33,61s		 
101		0,732		0,37		1,000		0,68		0		0		0		745533		33,71s		 
102		0,725		0,36		1,000		0,68		0		0		0		745533		33,55s		 
Terminated Vaquero algorithm at iteration: 102, Runtime: 3488,65
Clusters capacity/usage: [0=[20000000, 304664], 1=[20000000, 195857], 2=[20000000, 195857], 3=[20000000, 195857], 4=[20000000, 195857]]
Clusters Lower Bound: [0=108807, 1=0, 2=0, 3=0, 4=0]
Clusters added together count: 1088092
[main] WARN org.janusgraph.graphdb.transaction.StandardJanusGraphTx - Query requires iterating over all vertices [()]. For better performance, use indexes
Vertex count: 1088092
Before/After Cross Node Queries: 480110 / 147536, Improvement: 69,27%
Good before/after Queries:  70792 / 403366
[main] WARN org.janusgraph.graphdb.transaction.StandardJanusGraphTx - Query requires iterating over all vertices [()]. For better performance, use indexes
[main] WARN org.janusgraph.graphdb.transaction.StandardJanusGraphTx - Query requires iterating over all vertices [()]. For better performance, use indexes
Staring Vaquero partitioning - cF=0,990, iF=0,900, nClusters=5, aProb=0,50
Clusters INIT Lower Bound: [0=21756, 1=21763, 2=21733, 3=21785, 4=21770]
Cooling factor: 0,990
It.		Temp		tRatio		Impr.		pSwitch		Good		Cross		Sum		sCount		Time
1		2,000		1,00		1,000		1,00		0		0		0		835958		36,29s		 
2		1,980		0,99		1,000		1,00		0		0		0		542540		37,25s		 
3		1,960		0,98		1,000		0,99		0		0		0		786447		36,29s		 
4		1,941		0,97		1,000		0,99		0		0		0		638418		36,33s		 
5		1,921		0,96		1,000		0,98		0		0		0		771905		36,18s		 
6		1,902		0,95		1,000		0,98		0		0		0		676517		36,23s		 
7		1,883		0,94		1,000		0,97		0		0		0		764724		36,24s		 
8		1,864		0,93		1,000		0,97		0		0		0		699757		36,13s		 
9		1,845		0,92		1,000		0,96		0		0		0		754864		36,97s		 
10		1,827		0,91		1,000		0,96		0		0		0		716048		36,48s		 
11		1,809		0,90		1,000		0,95		0		0		0		748803		36,15s		 
12		1,791		0,90		1,000		0,95		0		0		0		726546		35,97s		 
13		1,773		0,89		1,000		0,94		0		0		0		745580		35,95s		 
14		1,755		0,88		1,000		0,94		0		0		0		733234		35,90s		 
15		1,737		0,87		1,000		0,93		0		0		0		743603		35,86s		 
16		1,720		0,86		1,000		0,93		0		0		0		737104		36,09s		 
17		1,703		0,85		1,000		0,93		0		0		0		742909		35,76s		 
18		1,686		0,84		1,000		0,92		0		0		0		739815		35,93s		 
19		1,669		0,83		1,000		0,92		0		0		0		742529		35,81s		 
20		1,652		0,83		1,000		0,91		0		0		0		741269		35,91s		 
21		1,636		0,82		1,000		0,91		0		0		0		742534		35,82s		 
22		1,619		0,81		1,000		0,90		0		0		0		742213		35,75s		 
23		1,603		0,80		1,000		0,90		0		0		0		742898		35,80s		 
24		1,587		0,79		1,000		0,90		0		0		0		742887		35,85s		 
25		1,571		0,79		1,000		0,89		0		0		0		743314		35,84s		 
26		1,556		0,78		1,000		0,89		0		0		0		743538		35,80s		 
27		1,540		0,77		1,000		0,89		0		0		0		743760		35,86s		 
28		1,525		0,76		1,000		0,88		0		0		0		743827		37,59s		 
29		1,509		0,75		1,000		0,88		0		0		0		743976		35,38s		 
30		1,494		0,75		1,000		0,87		0		0		0		744017		35,29s		 
31		1,479		0,74		1,000		0,87		0		0		0		744181		35,27s		 
32		1,465		0,73		1,000		0,87		0		0		0		744197		35,97s		 
33		1,450		0,72		1,000		0,86		0		0		0		744300		36,12s		 
34		1,435		0,72		1,000		0,86		0		0		0		744309		35,37s		 
35		1,421		0,71		1,000		0,86		0		0		0		744395		35,37s		 
36		1,407		0,70		1,000		0,85		0		0		0		744487		35,12s		 
37		1,393		0,70		1,000		0,85		0		0		0		744420		35,26s		 
38		1,379		0,69		1,000		0,84		0		0		0		744627		35,31s		 
39		1,365		0,68		1,000		0,84		0		0		0		744583		35,24s		 
40		1,351		0,68		1,000		0,84		0		0		0		744612		35,43s		 
41		1,338		0,67		1,000		0,83		0		0		0		744684		35,36s		 
42		1,325		0,66		1,000		0,83		0		0		0		744626		35,22s		 
43		1,311		0,66		1,000		0,83		0		0		0		744726		35,38s		 
44		1,298		0,65		1,000		0,82		0		0		0		744959		35,39s		 
45		1,285		0,64		1,000		0,82		0		0		0		745014		35,48s		 
46		1,272		0,64		1,000		0,82		0		0		0		744955		35,41s		 
47		1,260		0,63		1,000		0,81		0		0		0		745048		35,37s		 
48		1,247		0,62		1,000		0,81		0		0		0		745056		35,41s		 
49		1,235		0,62		1,000		0,81		0		0		0		745091		35,40s		 
50		1,222		0,61		1,000		0,81		0		0		0		745126		35,34s		 
51		1,210		0,61		1,000		0,80		0		0		0		745098		36,41s		 
52		1,198		0,60		1,000		0,80		0		0		0		745074		35,96s		 
53		1,186		0,59		1,000		0,80		0		0		0		745177		35,27s		 
54		1,174		0,59		1,000		0,79		0		0		0		745225		35,49s		 
55		1,162		0,58		1,000		0,79		0		0		0		745259		35,36s		 
56		1,151		0,58		1,000		0,79		0		0		0		745309		35,36s		 
57		1,139		0,57		1,000		0,78		0		0		0		745305		35,45s		 
58		1,128		0,56		1,000		0,78		0		0		0		745285		35,98s		 
59		1,117		0,56		1,000		0,78		0		0		0		745308		35,55s		 
60		1,105		0,55		1,000		0,78		0		0		0		745295		37,17s		 
61		1,094		0,55		1,000		0,77		0		0		0		745325		35,49s		 
62		1,083		0,54		1,000		0,77		0		0		0		745351		35,27s		 
63		1,073		0,54		1,000		0,77		0		0		0		745372		37,31s		 
64		1,062		0,53		1,000		0,77		0		0		0		745404		35,41s		 
65		1,051		0,53		1,000		0,76		0		0		0		745412		35,44s		 
66		1,041		0,52		1,000		0,76		0		0		0		745402		35,41s		 
67		1,030		0,52		1,000		0,76		0		0		0		745423		35,25s		 
68		1,020		0,51		1,000		0,75		0		0		0		745413		35,31s		 
69		1,010		0,50		1,000		0,75		0		0		0		745410		35,37s		 
70		1,000		0,50		1,000		0,75		0		0		0		745410		35,35s		 
71		0,990		0,49		1,000		0,75		0		0		0		745406		35,40s		 
72		0,980		0,49		1,000		0,74		0		0		0		745403		35,37s		 
73		0,970		0,48		1,000		0,74		0		0		0		745408		35,35s		 
74		0,960		0,48		1,000		0,74		0		0		0		745407		35,45s		 
75		0,951		0,48		1,000		0,74		0		0		0		745409		35,50s		 
76		0,941		0,47		1,000		0,74		0		0		0		745407		35,45s		 
77		0,932		0,47		1,000		0,73		0		0		0		745407		35,48s		 
78		0,922		0,46		1,000		0,73		0		0		0		745412		35,52s		 
79		0,913		0,46		1,000		0,73		0		0		0		745407		36,42s		 
80		0,904		0,45		1,000		0,73		0		0		0		745408		35,82s		 
81		0,895		0,45		1,000		0,72		0		0		0		745405		35,35s		 
82		0,886		0,44		1,000		0,72		0		0		0		745402		35,39s		 
83		0,877		0,44		1,000		0,72		0		0		0		745403		35,31s		 
84		0,868		0,43		1,000		0,72		0		0		0		745402		35,23s		 
85		0,860		0,43		1,000		0,71		0		0		0		745403		35,42s		 
86		0,851		0,43		1,000		0,71		0		0		0		745402		35,49s		 
87		0,843		0,42		1,000		0,71		0		0		0		745403		35,41s		 
88		0,834		0,42		1,000		0,71		0		0		0		745404		35,42s		 
89		0,826		0,41		1,000		0,71		0		0		0		745404		35,39s		 
Terminated Vaquero algorithm at iteration: 89, Runtime: 3199,81

